2.67879856071727
-2.58582663613946
-1.2480807187798e-05
0.126011316400632
5.32383350523857e-06
2.59235962858469
5.8320051684
3.87622999990234e-05
2.40053551817202
1.64364357836122e-05
1.80074602398606e-05
8.90741163689975e-05
2.40729679557488
0.000425330399999091
-3.8263983235
0.0119575940894542
9.37445760748612e-06
-3.48449540342605e-05
0.0385644843765673
0.0153019351156814
7.74372000001619e-05
-0.1359843471
0.0173936972509635
-1.14668181056324e-06
1.00111813058912e-06
-2.43869688341877e-05
0.019385310410602
5.32410000006756e-05
-0.1714033137
5.49537439283182e-05
2.57684213678805e-07
-2.71500523660317e-07
-1.47844718488277e-05
0.00058585070161412
-1.81281000005556e-05
-0.000640526199999256
