0.00432236121905161
0.756963544367724
-0.0094098059514571
-0.900795228645193
0.148919129009874
0.174335452770627
2.87043709650627e-12
5.85846472105233e-10
0.250448530825017
-0.424783984184361
-2.45047528512999e-07
-0.502986529546197
-4.38645001313012e-06
-0.295314202989589
0.798305364033328
-0.075660209166405
0.0117982004459387
-0.094170528530679
0.0628276644387616
0.0952048728123838
0.000102816806141368
0.671411779199291
0.00149705206114785
-0.0277774322390674
-0.645234215827513
0.609566911659782
0.18699510117981
-0.207067728155523
0.000680687517233822
-0.590174972201303
0.136089607485171
-0.310011698332777
-0.279044863475283
0.656538455430324
-0.261017088423013
-0.0273004177198029
3.48819616505329e-10
-1.70778008027278e-10
0.29120445445488
-0.227503480057004
-4.97570201328172e-07
-0.0199359492247675
-3.12365338933286e-06
0.0930471413465037
-0.0664613596812221
0.181289909064821
-0.087286709253051
-0.0612931356902617
-1.38113362076324
1.140339479913
-0.000404098597016787
-0.0145361566322296
0.00236937891526785
0.066529477074986
-0.0487499266368543
0.0536037113891254
-0.156461836661327
0.0693184192624906
-0.0059280108718642
0.0150153495267026
